31142055319332
31122050500714
31122050502108
31142055596640
31142057525613
31122058554564
31142056343448
31142052974808
31122058562336
31122058562344
31122058562252
31142052974816
31122058562518
31122058562583
31122058562666
31142054450872
31122058562799
31122058562807
31142058154991
31142058156129
31142058156160
31142058157812
31142059560428
31142059559685
31122058545554
31122058545570
31122058546065
31122058546073
31122058546115
31142059627706
31142059629082
31142059629140
31122058546446
31142059631930
31122059355615
31122059355599
31122059355607
31122058586319
31142056347910
31142056347456
31142056348108
31142056347829
31142059512890
31142059513054
31142056347977
31142056348173
31142056348090
31142059513005
31142056348058
31142059512957
31142059512650
31142059512700
31142059512999
31142059512866
31142056348066
31142059514243
31142056347449
31142056347886
31142056347381
31142056347969
31142059513484
31142059513609
31142056347324
31142059512767
31142056347746
31142059513419
31142056347282
31142060001560
31142056884730
31142060002402
31142056885232
31142056885372
31142060002725
31142060000430
31142060000505
31142056886065
31142060000109
31142056886073
31142056884896
31142060000604
31142060001578
31142060001586
31142060001594
31142060001602
31142060001610
31142060002816
31142060000679
31142056885877
31142056885414
31142060002907
31142060000265
31142060000570
31142060001644
31142056885679
31142060000596
31142060002196
31142060000406
31142060000463
31142060002428
31142060000646
31142056885851
31142056885885
31142060002717
31142060002501
31142060001537
31142060002550
31142056884953
31142056884961
31142056885786
31142056885794
31142060001453
31142059999998
31142056885570
31142056884870
31142056884888
31142060000786
31142056885257
31142060002436
31142056885190
31142060002063
31142060002071
31142060002089
31142060002097
31142056886214
31142060000810
31142059999972
31142060002733
31142060002535
31142056884797
31142056885604
31142056885620
31142060002279
31142060002162
31142056886206
31142060002527
31142060001180
31142056884987
31142056885547
31142060002360
31142060000737
31142060000588
31142056885356
31142060001230
31142060001545
31142056885307
31142056885950
31142060002378
31142056884904
31142060002485
31142060002865
31142056885935
31142060002410
31142056885919
31142060002493
31142060002790
31142056885893
31142056885737
31142060000307
31142056886222
31142060000687
31142060001503
31142060000075
31142060001693
31142056884581
31142060000828
31142060002915
31142060002048
31142056885174
31142056885281
31142060001685
31142052974709
31142056885182
31142060002261
31142056885299
31142060002337
31142056884854
31122059355656
31122059355664
31142056886289
31142060002956
