003731448, 31142053116227
003833442, 31142052932970
003920746, 31142056288320
003920752, 31142056305330
003920754, 31142056305124
003920878, 31142056305389
003920880, 31142056304382
003929990, 31142056310108
003929994, 31142055777760
003965386, 31142056368486
004027680, 31142057810254
004051426, 31142056212270
004092880, 31142056618849
004092891, 31142056618922
004092904, 31142056619045
004092906, 31142056619060
004102833, 31142056544003
004102849, 31142056544169
004102888, 31142056735858
 
