31142048942299
31142056392148
31142057559786
31142057562517
31142056400354
31142056400859
31142048945391
31142048945474
31142057795943
31142057795950
31142056208294
31142056208963
31142056208971
31142057796842
31142056209029
31142056209235
31142056209250
31142056209276
31142057797253
31142057797543
31142056212908
31142057914817
31142057914882
31142056213633
31142056213658
31142056213773
31142057915129
31142056213807
31142057915160
31142056214128
31142056214201
31142056214458
31142056214938
31142056215034
31142056546289
31142058105589
31142056545612
31142056545638
31142056545711
31142058106017
31142056547055
31142056547071
31142056547568
31142056547576
31142058106983
31142056547642
31142056547865
31142056548004
31142058147854
31142056345336
31142057736459
31142057736210
31142059600703
31142056713806
31142056713640
31142056713657
31142056713673
31142056713699
31142056713756
31142056713905
31142056713913
31142056714127
31142059600380
31142056714010
31142056713947
31142056714192
31142056714580
31142056714200
31142059600976
31142056714291
31142059601248
31142056714390
31142056714408
31142056714432
31142056714473
31142059600984
31142056715074
31142056714630
31142056714648
31142056714788
31142056714796
31142056715066
31142056715041
31142056715017
31142056714978
31142056714887
31142056714929
31142056714945
31142056717435
31142056717492
31142056717476
31142056717450
31142056717468
31142056717245
31142056717427
31142056717286
31142056717351
31142056717294
31142056717369
31142059874530
31142059874548
31142057856976
31142057857016
31142059874514
31142056986402
31142056986386
31142056986519
31142056986527
31142060734392
31142060734400
31142060734418
31142044566696
31142044566712
31142044566704
31142060734475
31142060734491
31142059874571
31142055321486
31142055321494
31142059874779
31142059874803
31142059874829
31142059874852
31142059874944
31142059874951
31142059874969
31142060734541
31142059875040
31142059875099
31142060734608
31142060734681
31142060734723
31142060734772
31142060734806
31142060734848
31142059875206
31142059875297
31142059875339
31142059875347
31142059875354
31142059875396
31142059875495
31142060734947
31142060734996
31142060735019
31142059875727
31142060735027
31142060735035
31142060735043
31142060735050
31142060735068
31142060735076
31142060735084
31142060735092
31142060735100
31142060735118
31142060735126
31142059875743
31142059875859
31142060735167
31142060735175
31142060735183
31142060735191
31142060735209
31142059875917
31122055010586
31142057795968
31142057795976
31142057915012
31142057915020
31142057915038
31142057915046
31142057915053
31142057915061
31142057915079
31142057915087
31142057915095
31142059875875
31142059875883
31142055321544
31142059881840
31142059881832
31142059881865
31142059881816
31142059881808
31142059881790
31142059881782
31142059881766
31142059881949
31142059881964
31142059881972
31142060736991
31142060736975
31142059882251
31142060736967
31142059881980
31142060737007
31142060736959
31142060736942
31142060736934
31142060737015
31142060736926
31142059881618
31142060737023
31142060737031
31142060737049
31142059881600
31142060737064
31142059881592
31142060736918
31142060737080
31142059881485
31142059882129
31142059882541
31142059881519
31142059881527
31142059881501
31142059881550
31142059882145
31142059882491
31142059882517
31142059882525
31142059882533
31142059882558
31142059882418
31142059882574
31142059882640
31142059882566
31142059882657
31142060737197
31142059882426
31142059882665
31142059882681
31142059882707
31142059882715
31142059882723
31142059882731
31142059882749
31142059882756
31142059882764
31142059882772
31142059882780
31142059882798
31142059882814
31142059882822
31142059882830
31142059882848
31142059882855
31142059882863
31142059882871
31142059882889
31142059882897
31142059882905
31142059882913
31142059882921
31142059883143
31142059883150
31142059883168
31142060737171
31142059883291
31142059883283
31142059883275
31142060736512
31142059883267
31142059883259
31142059883242
31142059883234
31142060736496
31142060736488
31142060736462
31142060736678
31142060736652
31142060736645
31142059882947
31142060736686
31142060736637
31142060736546
31142060736694
31142060736538
31142059883127
31142060736520
31142059883101
31142059883069
31142059883036
31142059882962
31142059883135

